+79262702962
+79262702977
+79262702977
+79262703005
+79262703005
+79262703017
+79262703030
+79262703030
+79262703065
+79262703130
+79262703149
+79262703187
+79262703264
+79262703265
+79262703265
+79262703301
+79262703301
+79262703415
+79262703429
+79262703446
+79262703513
+79262703513
+79262703588
+79262703598
+79262703636
+79262703663
+79262703684
+79262703699
+79262703699
+79262703699
+79262703699
+79262703702
+79262703739
+79262703739
+79262703769
+79262703793
+79262703794
+79262703835
+79262703843
+79262703843
+79262703843
+79262703873
+79262703943
+79262703961
+79262703979
+79262703984
+79262703991
+79262704035
+79262704099
+79262704130
+79262704173
+79262704187
+79262704194
+79262704220
+79262704247
+79262704286
+79262704286
+79262704286
+79262704327
+79262704328
+79262704333
+79262704379
+79262704379
+79262704384
+79262704403
+79262704409
+79262704415
+79262704419
+79262704419
+79262704441
+79262704513
+79262704552
+79262704584
+79262704590
+79262704590
+79262704590
+79262704598
+79262704598
+79262704617
+79262704617
+79262704627
+79262704630
+79262704634
+79262704634
+79262704636
+79262704668
+79262704757
+79262704769
+79262704791
+79262704824
+79262704871
+79262704886
+79262705004
+79262705004
+79262705011
+79262705011
+79262705011
+79262705011
+79262705020
+79262705097
+79262705100
+79262705104
+79262705104
+79262705131
+79262705202
+79262705215
+79262705215
+79262705263
+79262705273
+79262705278
+79262705333
+79262705350
+79262705372
+79262705372
+79262705376
+79262705377
+79262705436
+79262705499
+79262705499
+79262705516
+79262705524
+79262705543
+79262705543
+79262705552
+79262705552
+79262705589
+79262705618
+79262705618
+79262705618
+79262705618
+79262705618
+79262705639
+79262705655
+79262705662
+79262705662
+79262705664
+79262705712
+79262705712
+79262705752
+79262705752
+79262705770
+79262705770
+79262705770
+79262705797
+79262705799
+79262705799
+79262705799
+79262705799
+79262705799
+79262705799
+79262705799
+79262705806
+79262705817
+79262705856
+79262705891
+79262705891
+79262705891
+79262705891
+79262705891
+79262705894
+79262705894
+79262705898
+79262705898
+79262705898
+79262705898
+79262705902
+79262705929
+79262705943
+79262705981
+79262705982
+79262706009
+79262706056
+79262706106
+79262706106
+79262706138
+79262706200
+79262706218
+79262706218
+79262706225
+79262706225
+79262706225
+79262706241
+79262706319
+79262706319
+79262706319
+79262706319
+79262706319
+79262706344
+79262706344
+79262706407
+79262706407
+79262706422
+79262706422
+79262706467
+79262706467
+79262706517
+79262706552
+79262706552
+79262706552
+79262706552
+79262706552
+79262706552
+79262706552
+79262706599
+79262706612
+79262706612
+79262706612
+79262706644
+79262706650
+79262706650
+79262706659
+79262706666
+79262706711
+79262706722
+79262706722
+79262706737
+79262706790
+79262706795
+79262706795
+79262706795
+79262706802
+79262706832
+79262706850
+79262706850
+79262706875
+79262706952
+79262706964
+79262706994
+79262706994
+79262707007
+79262707013
+79262707013
+79262707044
+79262707052
+79262707103
+79262707170
+79262707170
+79262707171
+79262707179
+79262707179
+79262707187
+79262707227
+79262707230
+79262707230
+79262707252
+79262707257
+79262707266
+79262707310
+79262707318
+79262707321
+79262707336
+79262707349
+79262707349
+79262707375
+79262707434
+79262707434
+79262707434
+79262707501
+79262707527
+79262707527
+79262707529
+79262707531
+79262707531
+79262707572
+79262707622
+79262707656
+79262707656
+79262707656
+79262707747
+79262707747
+79262707750
+79262707766
+79262707802
+79262707802
+79262707809
+79262707830
+79262707845
+79262707867
+79262707872
+79262707872
+79262707872
+79262707970
+79262707970
+79262707993
+79262708001
+79262708007
+79262708019
+79262708025
+79262708076
+79262708077
+79262708087
+79262708087
+79262708095
+79262708117
+79262708119
+79262708119
+79262708251
+79262708349
+79262708349
+79262708350
+79262708364
+79262708377
+79262708395
+79262708397
+79262708400
+79262708401
+79262708405
+79262708449
+79262708509
+79262708527
+79262708527
+79262708673
+79262708673
+79262708673
+79262708803
+79262708827
+79262708853
+79262708864
+79262708870
+79262708875
+79262708886
+79262708886
+79262708911
+79262708916
+79262708949
+79262708951
+79262708978
+79262709001
+79262709008
+79262709009
+79262709047
+79262709079
+79262709091
+79262709108
+79262709108
+79262709222
+79262709222
+79262709222
+79262709222
+79262709222
+79262709222
+79262709236
+79262709262
+79262709262
+79262709266
+79262709346
+79262709355
+79262709355
+79262709388
+79262709391
+79262709392
+79262709538
+79262709639
+79262709736
+79262709736
+79262709737
+79262709737
+79262709759
+79262709759
+79262709759
+79262709759
+79262709759
+79262709842
+79262709863
+79262709875
+79262709899
+79262709899
+79262709899
+79262709899
+79262709911
+79262709915
+79262709930
+79262709930
+79262709970
+79262710005
+79262710007
+79262710009
+79262710014
+79262710014
+79262710014
+79262710014
+79262710082
+79262710087
+79262710126
+79262710126
+79262710126
+79262710148
+79262710148
+79262710148
+79262710148
+79262710166
+79262710204
+79262710204
+79262710281
+79262710281
+79262710281
+79262710286
+79262710331
+79262710365
+79262710379
+79262710434
+79262710450
+79262710472
+79262710472
+79262710495
+79262710505
+79262710505
+79262710505
+79262710505
+79262710520
+79262710534
+79262710577
+79262710577
+79262710577
+79262710577
+79262710580
+79262710622
+79262710633
+79262710651
+79262710651
+79262710678
+79262710703
+79262710703
+79262710703
+79262710706
+79262710707
+79262710761
+79262710772
+79262710781
+79262710843
+79262710843
+79262710846
+79262710887
+79262710887
+79262710887
+79262710903
+79262710905
+79262710905
+79262710905
+79262710906
+79262710906
+79262711101
+79262711107
+79262711166
+79262711209
+79262711270
+79262711275
+79262711313
+79262711370
+79262711375
+79262711424
+79262711434
+79262711434
+79262711434
+79262711436
+79262711541
+79262711541
+79262711557
+79262711558
+79262711577
+79262711577
+79262711579
+79262711604
+79262711613
+79262711613
+79262711613
+79262711613
+79262711625
+79262711625
+79262711625
+79262711625
+79262711664
+79262711664
+79262711705
+79262711708
+79262711741
+79262711741
+79262711741
+79262711743
+79262711745
+79262711766
+79262711766
+79262711766
+79262711782
+79262711807
+79262711813
+79262711813
+79262711826
+79262711858
+79262711873
+79262711888
+79262711898
+79262711951
+79262711971
+79262711971
+79262712020
+79262712027
+79262712039
+79262712078
+79262712127
+79262712237
+79262712258
+79262712264
+79262712264
+79262712264
+79262712306
+79262712307
+79262712321
+79262712356
+79262712362
+79262712362
+79262712398
+79262712398
+79262712465
+79262712484
+79262712500
+79262712519
+79262712533
+79262712543
+79262712566
+79262712596
+79262712596
+79262712608
+79262712692
+79262712692
+79262712788
+79262712820
+79262712870
+79262712901
+79262713037
+79262713049
+79262713117
+79262713118
+79262713118
+79262713131
+79262713157
+79262713271
+79262713336
+79262713336
+79262713336
+79262713336
+79262713354
+79262713359
+79262713416
+79262713416
+79262713420
+79262713456
+79262713524
+79262713555
+79262713574
+79262713574
+79262713668
+79262713676
+79262713678
+79262713678
+79262713678
+79262713678
+79262713689
+79262713689
+79262713732
+79262713740
+79262713750
+79262713754
+79262713804
+79262713828
+79262713855
+79262713890
+79262713890
+79262713891
+79262713904
+79262713932
+79262713992
+79262714001
+79262714001
+79262714022
+79262714022
+79262714135
+79262714165
+79262714199
+79262714203
+79262714204
+79262714204
+79262714214
+79262714214
+79262714214
+79262714228
+79262714250
+79262714251
+79262714251
+79262714285
+79262714285
+79262714353
+79262714365
+79262714459
+79262714460
